$ANSIBLE_VAULT;1.2;AES256;SSH
66633136363564366262616161313864613934383631643564636634363466376534316332363233
3333353864376338623737326666633238336534633762610a616665356231373434356231383561
37316462653331353231356438646265373230303939333433303735353132626434303061616362
3732636565363935660a656363343066346665643665616133353032363330313234646433343765
64383038323931646466346466303633656363303738663634373934383433303239323432306261
64343638323737333837343037393230636434633063376662613934363331646630313565313061
39643265383239623163623261396633393634346238653537393938366331666539363039343137
30643562653135663762393562303862613361626666323531356532333937613862646334383462
31393934376135323538356562306463663562313337353962646535396432613135333765666566
33323063383038646664323736343239616632363163393934663433303066356461643533383033
63343664373236396232656433363830336334666332386466313739363131663831343564613533
31613839353539623632353737653363643938626564376465653266323865656466386538623133
39333437333961326539613261343733633664386165353638396430303636653261353139643834
66336561633731353239366632666366353164636637313930633239303432333264653430326436
65303763623132636631396365386234313461386566306535376462313065623230616639653836
36653836363632353962346632636336333334356533393831613863653066626365356139343230
63316437303336636366373633326633323561663261633538616131663935353634366234623535
34636663373762313630353432626434316431373164653435613934356637376638663566303935
34363536326666613338613732613030326434366666643336376631343763663936373764653439
32343831386664386531396533386563343162663136633964363637646634376261393336633332
31656633613234643362383134653639333738646631663230346261373664323337393165336437
32343066373531306338356661303031653531386264626361313839303732306433373366663438
38663163666133653838646333316239613135393036386333313263383035666161363962633430
36333964326262326139653938663862303462663933343639303132363635616531353264393134
32613337326332383634613464633062613663666638343764303063633061383166346131323663
64323662663330383630376331653739313035656330303265393739323635336263356336376532
35333363343439383164636565663133333837376332663662386662353838306536323031643539
63356130336666306532333836616536373836303634326566343939623462386336616336613133
61396562613836633035343331383534313664336638346663396433306463626463376539643066
35306330316139623563663132313865616233356639333835303539376534386133623431383036
62356436663665303030316539316562313336323035633031336165303964613836313866323536
39346165633564353832666439356437333938646135306335376130356533376363303065316363
61313662313330323636633865366334653538346434303434353138363861623261613264653064
38643965616434653337616661643933313063376133333561636165366330353233346332653263
63386231643237373861623663353335343862636339393031613930653638393631333133383531
36396530353533653163333061643162353661663165643061303864613233656463336631386663
63626433633664633262333339396130373761633563613335366365366262306332623033633964
64383939613231653830363033363163376239323764366234663236393961303736653365653831
66343938613933636163356336663638643133656537626436303633653435633732613734343131
38313730363332623064616332393732663265376338666330636234616430663964623733663763
34643330383033313466333038656537353336393761623463306439353664616536653233626364
34643462336431346565303530363531383636616461373864313265303233333261666537353661
66636563366136653337633630656339666635623733646633313965323166343332366134343064
37663530363838616631313236306563383130663964643637636464656235393239393736646330
66616664633863326666313866386264323936356462343634313763656134646531633861326434
38323330303465373030336661303830613739396133633665396166323862383034626362383832
32303033636466386232306235633639656433333032356463303434626436306238663265333737
35633139306437656565323765363138323863313763323331346661633735396566653261386535
38303932316539646266303030333839393364373866363532333736663337666537633162383366
38376334373537353139356533616134663665323036646237376630663764633735383463373434
32393235373432653762373165326131643731356563633562616439303366393239616366613362
30396631613137323733656630376134646631383461303534626138346539616239356438616462
63303461303832303264613137626364613235653063333062613139633262623732343737663931
66356439363063303061356437636539393561373261636266306431643565336637396663303735
65356235633436623837643833323262383464383935366237346235613664613965303939613133
62343961653733333765363030313231343237336233356339393336616530643763616664643535
30653332343834373737353734636136663430633739353661373632353564346566666261663639
62313235313166626165646230643965386566336665373535396431343161653736663831353835
37313936353961373236373565306136356462343931646231376436663136376164386634353061
61386233356164643833343166326161323539313933616165346462623835306466316361303030
61363164373038336436313235363837613432613232373431343438353430326136623430663466
64393431303864643638656365323537633266356466636666613737343065313033323263336666
39326161623261653835623232376230326665616237613231666661356539653361353564326137
35396366303435303665353737623733613137313566623462343638383737663631363462616435
37393336363436646232623466663962323464336262343837643936356636643330343537623362
34383566636364303361386531653066646437383536313736653938646163373864383237643138
37326534653937393836396462333137613366643562663961643664666438646366356337633130
30653333353763623037363265323331356233393932353665616630653635323166336566633639
31626334303037366330643530393433316434613962383835326661303032656639333465303236
33396330653666626666333235353238666237656639643538343335646662383733636162353535
38663135363962353766633130316562363233373338353736393763396664353530373062313836
66633639313262363630366431313733643666366430326530613433306462323936343033366334
61366236646239396265623932346333396638373335343236363033396234386638623066316137
35373839623265303539336662373336626364616261626563383533393237643966303265393566
33316233306231393839303435333766336265363461303566643931316362656265666461376636
38313739663230623137656563373766366133303632323865303631323165633764333835393934
63373661353936356439303162353736373664613534376534343865353763653237366132663462
62656265316536336530653461636466663631386439323632383232366239323239303730383736
30356364656366303838656230383637663338336630366131653937366539613665623236356665
37356336343431376430666263343132363233303165366362313863373639363734633733626130
61343532353631653736643065343061616636633465636464316535353338353665313363666233
39613634393034393231303435636533656136373239393539613037623630666334363732333439
36613264616333353831376231656661633436316232646565653661363363356161353933643438
30633030306266346462353139366433396637613435373064623865333133613732633065646164
36353431333132356234623065666237323865623665666261633336306637626131663234366233
61323765343566326335633937656164303964643662666461333835316165343466366631316662
39313766323437303664346239353365376432646236656434376138633664336563396631346230
62306664396131306563313163346337646638306330306666343435323932343435363135653130
63663566393434386635633762353937303461343735306636663866663263336163303562633639
61303236393934303037623536616330373530376637363739623830613563373330646136643665
35343634333531336530323537326437313335386430393664656335376438313661633334356337
66396261633835323665383436346131616362373232646466303962333336653135316533333765
63326462323238633362613363626436643462346639663461653666653362346434363038353565
33363562656338303563383033383737393132376134346265356363616266353365653463373264
633664333364376532316632336232633432
